This is testing for fprintf...
x coordinates
   41
   67
   34
    0
   69
   24
   78
   58
   62
   64
    5
   45
   81
   27
   61
   91
   95
   42
   27
   36
   91
    4
    2
   53
   92
   82
   21
   16
   18
   95
   47
   26
   71
   38
   69
   12
   67
   99
   35
   94
    3
   11
   22
   33
   73
   64
   41
   11
   53
   68
   47
   44
   62
   57
   37
   59
   23
   41
   29
   78
   16
   35
   90
   42
   88
    6
   40
   42
   64
   48
   46
    5
   90
   29
   70
   50
    6
    1
   93
   48
   29
   23
   84
   54
   56
   40
   66
   76
   31
    8
   44
   39
   26
   23
   37
   38
   18
   82
   29
   41

y coordinates
   33
   15
   39
   58
    4
   30
   77
    6
   73
   86
   21
   45
   24
   72
   70
   29
   77
   73
   97
   12
   86
   90
   61
   36
   55
   67
   55
   74
   31
   52
   50
   50
   41
   24
   66
   30
    7
   91
    7
   37
   57
   87
   53
   83
   45
    9
    9
   58
   21
   88
   22
   46
    6
   30
   13
   68
    0
   91
   62
   55
   10
   59
   24
   37
   48
   83
   95
   41
    2
   50
   91
   36
   74
   20
   96
   21
   48
   99
   68
   84
   81
   34
   53
   99
   18
   38
    0
   88
   27
   67
   28
   93
   48
   83
    7
   21
   10
   17
   13
   14

z coordinates
    9
   16
   35
   51
    0
   49
   19
   56
   98
    3
   24
    8
   44
    9
   89
    2
   95
   85
   93
   43
   23
   87
   14
    3
   48
    0
   58
   18
   80
   96
   98
   81
   89
   98
    9
   57
   72
   22
   38
   92
   38
   79
   90
   57
   58
   91
   15
   88
   56
   11
    2
   34
   72
   55
   28
   46
   62
   86
   75
   33
   69
   42
   44
   16
   81
   98
   22
   51
   21
   99
   57
   76
   92
   89
   75
   12
    0
   10
    3
   69
   61
   88
    1
   89
   55
   23
    2
   85
   82
   85
   88
   26
   17
   57
   32
   32
   69
   54
   21
   89
