0.000000 1.995300 16.190069 
0.000000 15.547960 15.077974 
0.000000 3.392437 8.581195 
72084561817722152000000000000000.000000 0.000000 0.000000 

0.000000 0.000000 0.000000
0.000000 0.000000 0.000000
0.000000 893642143906766470000000000000000.000000 77143959894138882000000000000000.000000
700697583096271660000000000000000.000000 77143959894138882000000000000000.000000 72084561817722152000000000000000.000000

0.000000 0.000000 0.000000
0.000000 0.000000 0.000000
0.000000 893642143906766470000000000000000.000000 77143959894138882000000000000000.000000
700697583096271660000000000000000.000000 77143959894138882000000000000000.000000 72084561817722152000000000000000.000000

0.000000 0.000000 0.000000
0.000000 0.000000 0.000000
0.000000 893642143906766470000000000000000.000000 77143959894138882000000000000000.000000
700697583096271660000000000000000.000000 77143959894138882000000000000000.000000 72084561817722152000000000000000.000000

0.000000 0.000000 0.000000
0.000000 0.000000 0.000000
0.000000 893642143906766470000000000000000.000000 77143959894138882000000000000000.000000
700697583096271660000000000000000.000000 77143959894138882000000000000000.000000 72084561817722152000000000000000.000000

