42.009384 19.719147 39.154961
16.761137 38.411480 13.888736
18.239223 25.670046 47.611485
7.080128 30.348444 0.815029
7.833954 20.047220 6.489522
25.646620 41.955612 30.631992
24.679150 48.638752 14.625839
20.011431 44.576473 14.165737
3.487764 47.466354 26.299768
44.511631 17.444647 3.208566
11.913998 48.531708 45.110405
18.760349 38.012436 25.626768
21.881880 46.591751 46.540489
31.998941 17.702435 34.393070
41.460056 16.516857 11.448408
47.823414 29.432007 32.865204
19.921833 40.738346 34.210926
47.512619 46.006413 7.383001
30.979824 14.052971 39.300106
9.376656 13.811733 27.822187
5.158559 6.303767 24.772203
34.222252 19.159416 37.488544
29.224424 12.220636 7.619490
8.205096 37.253571 3.726490
8.810533 12.003119 39.889904
31.972918 37.986744 4.674024
3.495320 10.232755 23.071024
2.596941 7.890357 49.999680
49.889950 2.702879 43.526993
29.694609 9.018613 8.156575
17.954769 27.624250 28.971500
26.540400 37.864693 15.214758
37.390465 31.445496 1.771045
43.663567 41.551876 48.971706
33.344017 24.862926 8.198400
32.485348 12.402205 31.473986
16.438852 11.571398 3.708049
25.534298 48.573284 14.002101
23.574171 29.626995 47.215904
21.725664 0.161573 17.247149
33.773800 24.147514 24.096790
31.091141 2.043215 20.699186
17.355793 9.231123 30.455294
37.021923 10.110639 46.045719
26.622049 4.382181 13.024847
5.563782 18.080046 28.834526
38.788361 14.418970 16.482103
41.369556 16.573954 9.410052
38.243572 34.953770 6.057158
47.152565 45.813644 43.095856
14.864423 45.246624 45.482147
8.137837 13.695559 43.228947
24.798870 14.552665 9.021062
30.155441 24.621086 41.906681
24.926273 6.062939 6.911922
45.424232 31.104773 41.841389
19.716358 32.941559 30.444143
5.392414 32.360371 18.179914
21.366386 46.724731 29.178514
24.371344 7.863606 44.151829
27.878031 21.309969 41.496952
36.468002 31.932707 49.242229
20.539396 0.270427 39.164101
43.276741 36.050289 2.458123
10.544146 23.694698 43.259060
15.088155 32.855995 40.454765
22.885780 39.043419 34.603821
28.931742 26.494961 29.752262
23.829233 8.491014 30.486456
11.682811 41.490414 3.504510
24.086668 11.274546 41.338470
17.212547 40.745434 32.957302
31.298206 41.805187 15.407827
5.486634 33.730263 39.113113
15.782902 21.700428 11.549798
27.769886 0.728967 19.010735
13.022243 32.482948 27.615820
34.892410 15.597524 32.294453
30.922338 32.134624 25.925743
40.094833 33.890617 7.643790
9.380820 30.947916 35.015057
15.261941 13.078516 32.768406
33.367027 43.950470 32.665249
7.856959 25.173050 41.447865
19.726065 35.303337 43.446201
11.655944 46.328789 27.572147
46.956459 39.982285 40.706936
46.792587 16.227072 43.715469
38.771072 39.745506 13.139229
39.774521 43.254276 43.651066
29.844950 32.280075 26.927826
35.045517 25.907534 41.630455
25.517452 2.424984 40.717571
7.199100 20.653893 12.351627
28.686060 40.647350 29.134113
2.936162 3.713022 32.038315
31.512157 46.175636 36.896927
47.633114 47.445541 44.954308
10.956803 23.877562 47.491016
9.188268 22.901949 39.011196
