5534.681152 -819.558350 597.406799
-2263.997314 355.867676 -3006.500244
-630.671265 -819.195129 5836.110840
-1944.229004 -414.980042 -3246.879395
-2284.794922 -1385.985107 -2973.402588
894.240417 6250.233398 -114.185570
-8116.613770 4289.154297 4364.794434
-2062.507812 3654.179932 -2804.992432
-3654.306885 2408.276123 -572.168518
2650.509277 -1142.065186 -3406.522461
-3098.360596 3906.171631 2070.450195
-2280.075439 2080.716309 -3163.066406
499.407471 3716.823975 3942.260986
-1775.360718 -1030.003784 -1724.592407
5326.872559 -1975.465576 2797.809570
4932.020508 460.174530 -708.472656
-890.638245 5703.383301 3910.441895
2813.559082 2590.754639 -1912.475830
1906.855103 -4439.554688 3263.348389
-1838.019775 -2159.237305 -1934.015625
-2208.559570 -3816.805176 -1272.469360
4187.751953 0.925142 3641.100830
793.428223 405.557709 -4883.958984
-2971.094971 872.965881 -2571.388672
-1570.512085 -2820.411865 428.449982
1865.824341 2216.792725 272.779144
855.064026 2503.205566 5643.755371
146.331024 444.570190 2817.074707
1564.801636 84.795486 1365.228394
4462.214844 1355.270264 1225.721069
1382.211426 2126.632324 2230.335938
1632.238159 2328.598389 935.698120
2278.198730 1916.036377 107.932816
964.999756 918.316528 1082.302979
2763.641602 2060.735840 679.529724
2165.295166 826.678772 2097.900391
6382.276367 4492.566895 1439.627930
1129.861328 2149.317139 619.596436
902.185425 1133.833130 1806.951782
4443.205078 33.072918 3527.237549
2140.742188 1530.579712 1527.386597
3369.969727 221.476349 2243.586914
2011.945679 1070.121948 3530.502441
1446.977173 395.172333 1799.655884
4627.003418 761.639221 2263.751709
717.311157 2330.980469 3717.456787
2889.990967 1074.327271 1228.061646
2937.412598 1176.839722 668.170410
2024.241699 1850.113403 320.617950
1014.511414 985.696838 927.212830
472.635498 1438.654297 1446.131592
563.765320 948.794922 2994.802979
4257.039551 2498.160156 1548.598145
1305.750000 1066.111206 1814.575562
5583.423828 1358.099609 1548.294678
1297.194458 888.238220 1194.854614
1195.520630 1997.465332 1846.008057
581.169189 3487.564453 1959.316040
861.808105 1884.659668 1176.926758
1352.421753 436.373291 2450.106934
1349.752686 1031.765381 2009.152954
1043.121338 913.400146 1408.513184
1554.251587 20.475538 2963.636963
1933.950684 1611.013184 109.856583
600.433716 1349.272461 2463.302002
733.097717 1596.376953 1965.582397
999.683289 1705.484009 1511.536743
1735.884521 1589.693481 1785.158691
2284.479736 814.041748 2922.686035
927.697205 3294.548828 278.298248
1450.418945 678.920654 2489.285156
806.759827 1909.719971 1544.694946
1509.043213 2015.588501 742.878784
293.154388 1802.183228 2089.750244
2893.532227 3978.415283 2117.479980
3769.354248 98.960785 2580.438721
968.566528 2415.920654 2053.974609
2021.596802 903.666931 1871.041382
1676.915894 1742.655151 1405.946899
2045.617065 1729.079468 389.983154
603.835571 1992.112427 2253.891602
1560.512939 1337.251465 3350.438232
1124.807129 1481.582275 1101.167236
473.718872 1517.770874 2498.996826
787.769470 1409.853638 1735.056396
546.366394 2171.561523 1292.395020
1158.249756 986.238464 1004.119507
1477.649536 512.440063 1380.497681
1687.927246 1730.339844 572.043091
1001.799438 1089.432983 1099.432251
1620.573120 1752.755127 1462.181641
1353.475098 1000.573486 1607.794434
1609.473755 152.960190 2568.210449
1814.600342 5206.092773 3113.374023
1220.837891 1729.864990 1239.918335
432.649170 547.130737 4720.813477
965.233032 1414.371582 1130.182983
962.378174 958.599976 908.264221
532.002441 1159.374634 2305.871094
633.886230 1579.947021 2691.291016
