1243.444580 -161.077332 172.784515
-498.261719 120.338966 -656.894714
-117.635231 -157.234024 1330.589722
-433.260681 -64.908852 -723.226318
-509.611542 -284.751892 -673.071228
215.659119 1412.746338 8.047163
-1964.715576 1051.729736 1099.656372
-446.735718 834.937561 -613.759644
-814.361877 583.217163 -104.761551
639.261108 -236.532227 -763.432983
-691.574585 930.550049 505.260284
-487.377808 498.739410 -691.026855
135.770370 860.221130 907.073975
-353.496582 -181.573883 -328.270264
1208.013184 -402.031708 687.055969
1114.723877 120.565636 -117.740898
-173.649277 1314.170898 921.344971
659.556519 606.746094 -399.116577
447.503815 -968.257935 765.215149
-396.528687 -465.629517 -404.320343
-492.798553 -867.655945 -265.463867
974.551392 0.830586 815.571228
215.301270 131.813385 -1091.201294
-647.429077 222.882797 -569.794678
-350.713440 -634.748169 122.078018
413.715881 491.531830 60.484921
198.639679 581.514160 1311.093872
32.424923 98.510323 624.215332
346.595734 18.782661 302.391327
1018.916443 309.467651 279.885559
308.596436 474.794495 497.952911
362.319183 516.897949 207.705643
505.610748 425.225159 23.954784
217.060867 206.562866 243.448135
618.376221 461.096313 152.047531
481.558075 183.849564 466.568085
1505.091187 1059.455688 339.500122
249.605469 474.819672 136.879578
199.290741 250.461853 399.152771
1025.781128 7.636066 814.322510
475.523132 339.986725 339.277222
760.677429 49.992241 506.427277
455.200714 242.112350 798.768860
319.608307 87.286140 397.510803
1062.058350 174.824097 519.614075
162.898132 529.354858 844.224243
644.630066 239.636978 273.925812
654.341736 262.154083 148.843567
448.059540 409.514740 70.968185
228.627441 222.134140 208.954575
104.654694 318.554443 320.211792
125.503464 211.217072 666.693726
976.716675 573.165222 355.304779
288.430786 235.496964 400.826965
1293.142944 314.539673 358.590637
288.076508 197.259781 265.351807
265.297119 443.254883 409.649200
131.157791 787.069214 442.176300
190.345535 416.255737 259.942108
299.589447 96.665489 542.749573
298.408173 228.105927 444.186951
231.641998 202.836502 312.784485
346.838135 4.569592 661.342834
427.265137 355.924042 24.271055
133.072968 299.033813 545.933716
162.082458 352.946960 434.573029
220.831223 376.745087 333.901672
385.123199 352.684937 396.051514
513.527344 182.988052 656.993286
207.309860 736.222961 62.190456
321.814148 150.636734 552.311279
178.302216 422.066559 341.392670
333.607330 445.592896 164.230042
64.898514 398.963745 462.625854
665.437805 914.932190 486.966095
857.577576 22.515320 587.083496
216.032883 538.859802 458.125061
448.188263 200.344147 414.813385
371.325073 385.882568 311.323853
452.544159 382.519196 86.275360
134.178101 442.664764 500.839142
351.543945 301.249237 754.772156
248.791809 327.705566 243.562119
105.110291 336.766022 554.484802
173.993332 311.394379 383.220337
120.753006 479.937164 285.631378
258.822693 220.384567 224.380554
327.239014 113.484268 305.723999
372.857422 382.228912 126.362724
223.625320 243.187256 245.419540
358.854828 388.128723 323.782318
298.968536 221.017227 355.143250
357.471649 33.973099 570.409546
421.977570 1210.652954 724.000000
269.657562 382.093689 273.873322
98.722855 124.846283 1077.207397
213.916779 313.455017 250.472549
217.939545 217.081833 205.682083
117.619530 256.325348 509.807312
141.098221 351.686096 599.058350
